name: C:\Users\zonda\miniconda3\envs\NEW_TEN
channels:
  - conda-forge
  - defaults
dependencies:
  - asttokens=2.4.1=pyhd8ed1ab_0
  - bzip2=1.0.8=h2466b09_7
  - ca-certificates=2024.8.30=h56e8100_0
  - colorama=0.4.6=pyhd8ed1ab_0
  - comm=0.2.2=pyhd8ed1ab_0
  - console_shortcut=0.1.1=haa95532_6
  - debugpy=1.8.5=py312h275cf98_1
  - decorator=5.1.1=pyhd8ed1ab_0
  - exceptiongroup=1.2.2=pyhd8ed1ab_0
  - executing=2.1.0=pyhd8ed1ab_0
  - freetype=2.12.1=ha860e81_0
  - importlib-metadata=8.4.0=pyha770c72_0
  - importlib_metadata=8.4.0=hd8ed1ab_0
  - ipykernel=6.29.5=pyh4bbf305_0
  - ipython=8.27.0=pyh7428d3b_0
  - jedi=0.19.1=pyhd8ed1ab_0
  - jpeg=9e=h827c3e9_3
  - jupyter_client=8.6.2=pyhd8ed1ab_0
  - jupyter_core=5.7.2=py312h2e8e312_0
  - krb5=1.21.3=hdf4eb48_0
  - lcms2=2.12=h83e58a3_0
  - lerc=3.0=hd77b12b_0
  - libdeflate=1.17=h2bbff1b_1
  - libexpat=2.6.2=h63175ca_0
  - libffi=3.4.2=h8ffe710_5
  - libpng=1.6.39=h8cc25b3_0
  - libsodium=1.0.18=h8d14728_1
  - libsqlite=3.46.0=h2466b09_0
  - libtiff=4.5.0=h8a3f274_0
  - libwebp-base=1.3.2=h2bbff1b_0
  - libzlib=1.2.13=h2466b09_6
  - lz4-c=1.9.4=h2bbff1b_1
  - matplotlib-inline=0.1.7=pyhd8ed1ab_0
  - nest-asyncio=1.6.0=pyhd8ed1ab_0
  - openjpeg=2.5.2=hae555c5_0
  - openssl=3.3.1=h2466b09_3
  - packaging=24.1=pyhd8ed1ab_0
  - parso=0.8.4=pyhd8ed1ab_0
  - pickleshare=0.7.5=py_1003
  - pillow=10.4.0=py312h827c3e9_0
  - pip=24.2=pyh8b19718_1
  - platformdirs=4.2.2=pyhd8ed1ab_0
  - prompt-toolkit=3.0.47=pyha770c72_0
  - psutil=6.0.0=py312h4389bb4_0
  - pure_eval=0.2.3=pyhd8ed1ab_0
  - pygments=2.18.0=pyhd8ed1ab_0
  - python=3.12.3=h2628c8c_0_cpython
  - python-dateutil=2.9.0=pyhd8ed1ab_0
  - python_abi=3.12=5_cp312
  - pywin32=306=py312h53d5487_2
  - pyzmq=26.2.0=py312hd7027bb_0
  - setuptools=72.2.0=pyhd8ed1ab_0
  - six=1.16.0=pyh6c4a22f_0
  - stack_data=0.6.2=pyhd8ed1ab_0
  - tk=8.6.13=h5226925_1
  - tornado=6.4.1=py312h4389bb4_1
  - traitlets=5.14.3=pyhd8ed1ab_0
  - typing_extensions=4.12.2=pyha770c72_0
  - tzdata=2024a=h8827d51_1
  - ucrt=10.0.22621.0=h57928b3_0
  - vc=14.3=h8a93ad2_20
  - vc14_runtime=14.40.33810=hcc2c482_20
  - vs2015_runtime=14.40.33810=h3bf8584_20
  - wcwidth=0.2.13=pyhd8ed1ab_0
  - wheel=0.44.0=pyhd8ed1ab_0
  - xz=5.2.6=h8d14728_0
  - zeromq=4.3.5=he1f189c_4
  - zipp=3.20.1=pyhd8ed1ab_0
  - zlib=1.2.13=h2466b09_6
  - zstd=1.5.2=h19a0ad4_0
  - pip:
      - absl-py==2.1.0
      - astunparse==1.6.3
      - certifi==2024.8.30
      - charset-normalizer==3.3.2
      - contourpy==1.3.0
      - cycler==0.12.1
      - flatbuffers==24.3.25
      - fonttools==4.53.1
      - gast==0.6.0
      - google-pasta==0.2.0
      - grpcio==1.66.1
      - h5py==3.11.0
      - idna==3.8
      - keras==3.5.0
      - kiwisolver==1.4.7
      - libclang==18.1.1
      - markdown==3.7
      - markdown-it-py==3.0.0
      - markupsafe==2.1.5
      - matplotlib==3.9.2
      - mdurl==0.1.2
      - ml-dtypes==0.4.0
      - namex==0.0.8
      - numpy==1.26.4
      - opt-einsum==3.3.0
      - optree==0.12.1
      - protobuf==4.25.4
      - pyparsing==3.1.4
      - requests==2.32.3
      - rich==13.8.0
      - tensorboard==2.17.1
      - tensorboard-data-server==0.7.2
      - tensorflow==2.17.0
      - tensorflow-intel==2.17.0
      - termcolor==2.4.0
      - urllib3==2.2.2
      - werkzeug==3.0.4
      - wrapt==1.16.0
prefix: C:\Users\zonda\miniconda3\envs\NEW_TEN
